1000
2328.188122 1028.872789
2458.379484 4120.173954
979.912044 6445.201792
6793.191059 2403.663538
355.595951 887.394669
3692.977602 9599.131555
9827.249814 3375.884506
1385.964840 7432.573315
6782.277379 2385.137567
8598.506394 8170.751584
3558.409546 9597.981334
556.974202 7999.839968
749.368864 5546.390370
3405.754330 5971.683476
3498.482934 4104.447697
5402.009890 5826.671061
5133.320487 7860.389374
9946.845015 6113.232531
4305.591166 6740.036074
8516.896068 4661.187117
7627.430743 2209.873666
4260.318672 7454.680552
5585.758176 5646.283513
4887.253863 2368.035550
8031.421084 3485.760257
538.787134 1589.830626
3083.741587 1095.761336
9589.670594 3833.110451
6642.151706 2995.424919
9804.793931 140.634640
7099.872617 5206.803817
5967.305701 2233.193099
3067.193191 5914.150712
8346.425629 7372.784357
2654.186782 6863.321698
2033.971470 281.617525
9073.195364 6294.290142
7736.298078 4658.953536
1940.573655 2623.551941
7026.989091 9971.994739
6109.312198 7565.776225
1561.825360 9193.053785
8661.537561 1151.495954
3026.164236 5303.689263
4146.920873 2830.958163
5444.323903 1246.793490
8037.761980 1411.629599
3479.986588 1104.955166
7325.780316 1826.412218
8477.739523 9979.967098
8689.733915 511.710993
261.584618 7762.929275
6806.001136 7997.882701
2421.882810 8746.574791
621.434637 9448.871901
8718.569525 6730.746835
7014.648121 280.394885
5923.800616 5676.185678
1431.890839 8949.964852
979.874935 5578.811711
1780.923010 6424.198843
6825.605201 9818.684994
7835.828442 305.591789
923.640156 5161.608753
2132.004007 9401.379684
5141.575851 821.737918
9913.090677 5403.160469
8584.667192 6719.091808
3401.043165 1006.549998
5465.666598 4022.477802
455.421894 4184.236119
753.224632 7470.070015
4464.631004 6677.025252
3146.255688 5896.521842
5626.990099 4126.130628
1475.333553 7407.913114
550.329467 8300.938754
7226.598103 8386.157909
8606.530544 8150.238259
3547.766662 738.534546
7551.617938 8689.342513
1560.272463 7464.708610
4092.502978 144.939656
4183.800418 7493.546148
1151.489653 9649.467016
1516.023945 1606.911552
3833.703130 2269.248582
9076.981567 8298.334139
8946.273834 2223.237256
4194.855976 4573.263929
6349.367884 5670.189530
1981.177038 6899.697351
3971.128284 9207.775141
5285.855255 2577.658823
7358.013400 8833.621917
3316.193374 4909.631333
7522.964425 4876.465837
2374.339943 1615.467403
5021.405492 6558.140361
9109.013550 6172.895150
6207.607373 625.037491
7779.806702 41.310499
2894.286072 6856.788265
8339.644637 1840.559902
9080.025521 2534.500613
6413.823835 5429.393400
8204.690143 8395.000872
2329.090746 2175.818422
7602.776013 7614.946006
4753.477250 4960.789408
6448.567918 8069.670623
9870.420741 3971.532343
2946.136455 2244.760679
5586.999746 7967.541953
8802.901040 4696.013292
4140.437098 5010.508408
5321.050782 1920.243796
5051.818911 8215.336859
8777.032061 3391.463544
55.896756 7857.057582
5925.964157 6469.720591
3286.450977 4130.654300
4864.721463 5615.541728
6306.472722 2467.497472
3230.487729 1059.949967
7428.286880 9679.055647
9129.620590 7298.707616
3650.587985 2075.757045
9543.468300 9237.587731
43.298993 8346.369336
3933.601018 4183.736092
3356.877744 9254.651805
6103.979887 8408.696655
7469.988660 4881.011944
1800.160195 7525.885416
2738.069521 7726.124356
3995.606007 6024.520502
1856.778651 8860.327471
1640.062226 8163.251373
1327.824938 4870.549955
9223.201344 8756.111818
4549.605597 8352.821930
6054.819429 8200.193587
428.578970 5598.287725
7437.781313 471.877964
3944.657060 1371.382331
4655.614055 7301.534804
626.034132 759.593938
5710.231455 8096.022791
5640.605886 7510.391650
5621.908203 8378.675407
5236.516001 9617.514210
4403.195905 7093.294653
8477.841676 6043.258131
5256.546026 9805.666613
913.808081 4479.747365
8561.778426 5463.413683
2832.569290 4616.597856
3663.607265 3261.148265
214.885576 1101.388573
3733.026229 4159.542636
2472.770904 8388.640288
1461.077436 3098.805036
9148.234226 7171.308891
1194.827823 4788.840108
4681.700540 6816.736030
3167.515515 9918.216541
6434.250235 7570.711420
7011.511194 4912.091910
3613.969550 2268.057215
4717.758519 4527.777631
6747.804581 3279.536945
9991.191314 9580.373871
7896.134801 3654.798574
2841.522132 8111.020377
4756.187152 6574.548365
2270.563013 7228.958056
4963.188649 3731.640449
327.763092 4111.422870
902.949339 1522.590915
8900.262983 5584.649879
8339.326944 2067.778493
5502.866416 4773.577179
9638.489913 2514.377605
9685.669090 3252.459459
4782.434821 4403.427604
7780.237094 1530.239397
7682.964549 7771.428403
1110.613267 5579.099346
1426.226977 3952.135399
3690.119723 6182.414129
526.683759 5960.682736
3411.372180 5489.872408
9692.323184 3739.135272
9601.295283 595.272519
5261.726191 8501.558261
6179.922398 3601.053131
569.336750 1682.788814
8374.630310 207.826658
4197.166420 8060.299395
3460.286122 8979.601245
2463.726999 1240.523211
509.840637 146.691543
9011.951615 1620.453904
5725.790894 438.178587
5572.589308 9415.910616
6620.592716 6099.273067
5376.593347 31.964895
1589.145475 5068.916527
3771.100167 1190.440753
5664.189051 9032.826358
9691.999014 1844.111444
2633.879489 261.335760
3526.900259 1008.509794
469.162418 7724.066683
9068.809193 3929.448539
6703.667923 1532.536187
5169.971751 7213.508560
1679.227730 4181.923365
8833.962469 7405.018624
4620.101952 4406.551772
6820.929235 1240.694668
505.824834 2197.522578
1272.659563 2094.970309
7266.439110 5043.759730
3285.411062 2930.628156
4076.586088 2977.410072
4774.739600 6710.465577
3238.745832 8301.639863
7718.975371 3707.908254
6025.706542 6787.784559
7637.356793 2729.374460
8320.320746 2807.328544
9942.883020 9999.548481
6989.251909 8776.845484
7404.567100 1609.353857
3183.397252 4225.496335
2850.048525 3689.222091
6423.018913 4122.708088
5784.192400 3689.458018
9166.467823 9069.603467
6620.086174 3243.053906
2047.013534 1394.825774
9953.519483 5285.759370
9696.465637 7672.494849
8993.667624 5722.172174
4460.279408 6631.024413
8451.546635 2780.600150
9438.352957 8394.429650
2780.148626 6427.604862
7171.275135 184.715726
8036.958723 354.672382
4410.212061 887.007243
4043.894473 833.230969
5009.715336 9828.086877
4522.688992 4176.183154
8897.690339 1142.775161
7419.237060 944.703869
2537.600935 7372.756539
6230.463239 2234.066567
5045.251383 5224.130859
7956.238742 9505.530791
1855.155272 6407.785372
2286.130941 1293.508225
4802.215022 5066.279566
7721.113091 1973.490152
5250.995292 5758.071810
2328.162534 9661.207353
6645.079053 6372.057012
494.438322 1654.794385
6200.143884 5017.127313
5830.977539 5097.834219
6159.902474 3250.214594
6042.538088 8697.503413
622.971128 2273.001327
931.569976 5668.222516
7497.132187 8887.808723
5173.753302 9352.287459
5295.594090 7459.884243
645.795684 97.809108
2526.163809 8366.908775
2071.299261 7777.159101
4124.980580 4399.461799
7438.366454 770.059629
771.518806 7932.804775
2424.854018 6971.662690
2949.932084 8255.831557
2069.496905 9109.834558
1506.046151 8112.034992
7807.337967 2129.017279
385.036315 8738.907948
7797.239794 7882.168506
7626.716666 2970.993096
7234.455960 2922.310751
430.877335 7880.251644
3020.119864 2957.041144
6247.160414 5091.419125
734.200245 372.140990
9490.880924 8172.566699
1142.200623 262.399726
6105.371470 3567.054641
7234.062416 9055.303554
1822.886193 9303.559321
8165.138107 3328.932344
7415.594313 5972.476074
5457.949627 7800.630628
4711.384016 3255.189417
5682.799130 2338.100678
6226.182513 2917.255090
5260.411429 6657.059852
797.506730 8280.531293
9614.100996 7044.667149
3371.950417 348.301237
7416.808138 2862.831337
8520.867936 8559.008762
3125.231067 4626.239401
2126.063398 359.293479
3681.542950 3948.949596
9662.852804 1846.681056
7277.881940 7078.447112
7819.157130 2735.831562
4879.077736 2530.541142
5991.020983 561.876865
4868.641819 2217.203491
3479.131955 129.053243
8874.263344 4276.638685
8409.584541 8488.364340
1321.305829 1781.534954
8836.665577 8738.113972
4644.366291 7357.533512
7297.122729 7769.597358
1983.772908 9423.186131
8128.890841 5665.315863
3372.135723 7791.743641
7511.996919 650.017658
4870.190748 5331.154044
3385.849224 9749.268484
7861.695186 9376.870207
311.145345 2730.337001
1594.073694 3790.277300
2859.390244 468.337038
8066.915990 1268.974781
8956.701378 9388.221819
3050.509735 7793.366950
8126.335786 7694.876030
5150.900458 5423.458514
5464.473383 7134.673371
4846.644641 3593.364220
2799.989229 8218.780364
1385.107856 311.986143
8868.798022 6255.298604
5643.140187 2254.647241
6004.567089 3504.835369
1631.517444 6315.712433
6235.172370 3225.591142
105.989734 9094.562614
3693.928180 8172.905724
363.537395 2650.629553
7561.127538 3414.047129
443.996499 5687.463323
1108.923154 5594.896961
1110.921833 6573.396542
2729.570327 5957.566475
166.760758 5529.559555
4176.346834 1551.868618
5841.545698 3045.144851
7807.167223 1484.685881
5299.792097 3811.734307
4989.521250 6931.309540
127.446740 1224.693615
156.900678 233.436474
319.256224 3850.828858
8406.342197 682.793618
6501.458411 5967.469730
4096.840752 6945.454915
1654.933049 5205.763907
2540.351871 2765.854882
1779.160445 5269.922197
8723.421357 1945.921207
799.481748 2899.768186
3497.789825 6641.027446
5944.913042 1304.957043
8125.713327 1244.705134
5116.691354 3115.234572
8176.014674 5244.138094
4339.928187 8332.915357
5477.574568 4659.184411
2183.744210 3883.916761
5341.978034 8685.202626
9851.386491 9438.818786
5630.657536 1506.319540
4644.582688 8171.009407
4272.174423 6423.743137
3440.931599 2995.595780
8369.664344 4240.413347
5895.363966 1867.454165
881.440789 1840.277003
3172.411208 9007.154116
3084.982137 8289.102562
2122.388683 1260.996811
3533.240651 6462.316870
9593.912167 9010.815219
1121.501276 1777.656373
2894.731976 6463.479310
462.858994 2746.118467
5902.298091 6093.516530
4252.438007 546.880779
4264.525931 8524.612430
6970.623916 7705.457531
1520.208205 5340.288256
1945.870873 7415.572175
7207.742421 2827.311662
9255.849179 380.153624
1834.465774 2340.831315
8669.256190 3956.854457
3601.828126 2202.496837
419.171322 3195.740289
1213.312056 1540.672603
4973.396661 4108.044032
8004.151912 5436.255660
6854.162499 3906.450003
1529.772185 1106.600501
4453.330782 5794.298121
9631.212936 1423.954694
3499.755647 1151.421136
6764.242950 5445.626525
8566.993311 3971.985366
8272.938187 7822.842490
4352.138990 107.403961
163.673800 3021.395175
4064.258418 3765.501927
5223.892017 4483.429745
6961.242215 6437.204073
6024.102348 1934.638872
545.248101 4028.254256
7370.894531 7399.410604
7934.704259 8900.666721
8506.011105 2388.035037
4694.964837 8137.224036
3811.989731 8194.720483
9288.645177 576.232677
3640.347004 7855.638483
4548.218043 1913.285191
5678.480969 8900.357037
2020.689152 5842.154769
1921.752208 6084.947570
9607.656696 7145.644225
568.377311 6568.898906
3582.848294 6592.479659
8503.537783 4128.096399
620.733914 5874.432309
1527.506999 8555.438173
4775.099025 33.518099
943.473210 9470.063862
8170.742140 4755.462941
7664.784346 7459.387312
5331.695622 1305.131345
5315.025791 9879.913665
3218.416536 993.506760
8780.270698 5239.105688
6835.661529 702.022906
1324.053258 6443.318225
7847.667131 1892.430569
3012.217126 1430.515424
8484.910232 1515.754904
5558.611823 9105.644146
7390.187219 7086.118822
7661.082315 2165.286239
7119.636921 8604.555525
1635.350101 5290.379056
3360.018466 9300.134447
2749.766364 8691.714089
605.265787 8064.792160
8571.627749 3823.682328
9058.298920 7351.898447
9062.788016 5893.960444
8053.921353 386.841269
2337.278664 5901.588479
2279.271843 5349.495795
7332.103903 764.182071
6865.250700 2890.715721
9869.826217 4255.437913
9976.834543 7530.908528
6420.724157 7096.471464
6135.464053 8056.074259
2386.850516 9495.482519
7356.208701 5136.616884
8187.196603 7961.474488
3201.409040 6758.824348
1785.156811 2259.707955
4110.722791 847.944827
8153.668399 2164.644139
1234.786097 490.947063
8066.232623 3514.057940
5840.442859 5398.336521
4278.240010 2705.693554
8289.052247 4148.066223
6961.131472 8265.886786
1678.974750 3381.855624
5362.358245 7814.438803
1437.929879 7749.208765
7309.921317 8794.138580
2885.825645 5497.117916
6755.613064 6087.234684
2255.942259 8540.769880
8346.942639 6366.665054
9388.714707 6500.611034
8531.309193 623.500799
6991.558097 6597.541811
4137.558743 2832.000951
1995.878332 8415.798754
5537.694509 284.930575
2563.864976 2498.825976
8550.817360 4242.839727
5880.681600 3913.175605
2057.278525 7318.611479
1662.384366 9367.199843
6112.750054 4548.210010
4864.317754 2868.363114
635.444690 7120.260013
1409.132989 8982.387329
3486.925062 797.847691
5482.998358 2018.234256
1421.348495 2474.556455
8615.776067 5558.907239
5306.557405 611.654395
3974.705988 844.251910
896.584969 6538.570964
3343.077886 9447.402335
781.410686 9223.759486
3360.577935 2838.689211
6542.370960 5022.962301
2205.889049 2655.121010
9571.172311 7070.206803
5523.484128 206.616996
4190.466816 6932.617117
9189.004325 7677.391878
7730.464813 4672.002678
9695.626134 9151.813308
7146.559133 8311.402201
4710.720542 2453.116538
8923.056595 8685.426530
3297.368448 9819.641570
5223.997494 6640.446338
9267.043899 6005.408180
5864.205819 2627.621830
8844.097396 2406.576780
7650.584130 1049.986440
5061.697790 7221.756436
8120.193248 585.181914
7428.373432 2310.660059
7517.799035 6617.377753
9988.051937 5248.263844
1289.380426 9683.678071
4400.077148 8435.939564
7995.080267 9110.797690
889.056097 6918.136858
7796.224215 4186.424545
6737.778423 3020.221704
826.870879 6004.822318
9025.629889 6691.076703
8632.444147 7869.727280
9097.653483 6283.028273
8919.713720 4159.351268
3504.784705 7039.906963
4744.533186 933.158133
9350.567022 2262.332217
7550.535885 9338.618959
7510.596061 8839.916316
9022.297025 1910.673204
7275.855875 7017.377288
1021.470889 8164.911972
3935.514141 8817.695104
2351.336513 673.292564
1837.916808 3178.207396
6678.114881 863.546692
9869.284099 5310.559028
8733.273972 8966.937577
1593.587297 7652.987688
3126.288840 5098.372006
4692.894651 7870.822026
6031.530139 4043.461668
133.154239 3582.066024
3382.080623 7643.750300
2421.982336 2404.377643
9554.423503 9697.838211
9421.754931 575.894388
7862.750179 3357.269072
9393.589496 214.086687
4030.561635 1231.506300
3392.294083 708.676512
2095.052992 3261.578178
6019.235540 828.326960
2228.515750 7612.822842
8481.314647 5354.804595
2711.194843 3174.209294
3225.626616 8742.724982
7217.670967 3358.780860
2324.791002 599.751585
1002.531155 4746.773338
3004.129232 556.954658
4444.611545 2425.884159
1132.849046 2307.361719
5783.153230 526.438537
2521.448411 9813.714866
1757.944837 5913.742495
522.391377 3852.997829
9175.320677 6541.626917
4681.324789 1403.836422
4154.449754 3162.639436
6758.641017 6865.644598
6336.848729 9984.267638
5608.369580 3554.519691
3343.048493 7933.160583
4154.271280 4345.579648
2679.933921 7158.400513
4902.534306 7124.545466
9584.284671 6035.383356
9431.907190 5367.437902
6561.821893 1953.355596
5181.152762 8319.766735
7867.098091 5703.544140
2172.764559 7042.418764
2245.171057 6854.089353
8446.255191 6399.620812
16.728784 5204.896203
3265.265409 6353.577513
5189.163836 8873.634990
9908.097209 8532.212329
6806.795568 4062.368485
2877.791977 9486.729488
1220.768993 7780.326283
6611.274954 805.053660
3815.709634 6043.182139
6172.491562 377.531527
7996.537736 1353.644324
8697.298262 5863.635822
7057.188464 870.062816
2906.054586 9302.359521
7724.152169 1352.309772
5701.980333 7740.880953
6557.205974 8967.245742
4094.458466 1746.369811
7840.880727 4002.555671
278.582135 4647.676290
8064.924156 3156.374112
4134.405779 9285.693150
936.700395 745.680728
90.746805 4752.410028
6788.862868 6263.238371
5129.941555 4785.400599
7616.882696 3827.239812
649.036416 4674.071155
4697.302633 3555.091002
3976.430676 2421.454798
4907.400773 9678.411009
162.335751 1464.606748
8645.656746 4256.794217
3210.976558 6486.537469
8259.349888 3489.558694
1134.213755 6324.274040
6645.932811 5268.619533
5609.967185 7582.633205
6014.300262 5700.713990
2335.043229 2803.163125
1963.952357 7464.984789
7588.563723 9580.835053
1292.224597 8237.600144
4254.906207 5989.527230
1792.691141 8231.336883
8410.982032 6700.091919
7909.747887 8573.317783
8164.698667 6555.404629
2830.111996 1375.675221
3041.942093 1089.461879
4865.233914 4176.155848
7413.735919 1511.166720
9444.775386 3023.703100
9093.799926 5459.075642
8724.417090 1428.843155
8262.238772 688.369447
8893.827944 5850.802490
269.204495 186.052537
4088.402630 4524.110702
6175.579771 5881.093776
2755.447581 4586.561799
2581.185690 665.195464
3159.879578 745.884353
7220.600092 5989.991574
2121.559573 262.542181
7079.453453 6986.793488
4438.698033 4493.189368
8497.960213 3883.473414
7516.892467 7591.760134
9342.549056 6241.309553
9020.603289 7604.787824
6929.678999 7914.431229
3455.590314 7198.883499
8100.483771 7543.992944
1722.994196 4276.063537
3425.086715 4478.441782
8862.625337 6006.272405
5143.637245 2022.504910
6752.156758 2364.237338
8012.496484 8873.716331
2626.779518 5091.949932
5860.509819 7065.477551
9585.139300 4358.470028
948.950961 7102.031762
1950.230157 291.500017
3343.341310 970.833446
7896.287841 273.020310
8885.264676 1351.878150
7471.903808 6985.748441
8895.871099 9194.898004
1261.811974 2320.957809
3673.339781 124.437306
8327.230219 8816.977031
2146.942216 5079.386972
1181.214364 159.438695
3953.103304 3807.993882
5251.388627 9813.613123
873.471434 4836.527922
4172.083146 1822.422394
1938.559679 6122.313303
2113.922412 5281.900994
7093.146749 10.210252
5554.921304 5978.411425
1362.088402 3026.825107
2964.159862 257.959496
2221.723107 4225.971840
2578.917310 5895.062893
4350.409147 906.147524
4712.039919 6497.351367
5985.534497 5893.254283
6656.790062 9938.637800
9701.248165 1908.178689
9752.250919 574.719594
6744.706611 3924.334060
2397.141993 8683.266295
46.647363 4511.064405
3965.167284 7139.794113
4521.274657 9520.088588
3118.205533 5883.363064
2546.913690 6082.365399
6141.322561 4768.636797
308.337235 8720.239871
663.699685 4658.746382
9626.387395 5375.739604
1156.097744 5611.921891
1268.993882 7812.887811
5550.559687 970.242047
9721.066500 5302.810606
1544.961641 6465.773106
9227.144667 3942.103635
5149.039396 9273.792030
8453.168044 9114.206680
6413.586143 2974.442697
8634.295263 9531.791676
8857.805761 1181.208948
5614.157070 4999.128322
5949.845750 5922.494305
3719.368188 6613.545435
581.240687 3345.755582
1989.285039 1737.338431
8957.677474 3258.278921
9550.226242 4508.237156
4228.520968 9271.292737
9811.047763 5773.482614
5737.065843 9038.192429
9715.586249 886.105234
8311.984454 8168.754288
0.311914 4725.570592
1143.196985 8634.607177
4257.362268 1.002741
9815.816129 9871.519338
5000.131063 5765.661875
5794.013644 8719.499255
2379.207305 6375.254330
2065.254833 4368.492344
8112.592761 1022.932302
7626.771269 7662.819004
5531.169458 1855.292233
6934.111736 5342.217221
7628.774847 2671.177575
4380.409645 7344.361095
3557.282814 2692.394095
5513.115379 3557.594728
7417.964692 6656.312364
2192.201899 1675.326955
6657.315109 2008.018024
1546.846289 1657.446167
7773.679899 7340.859933
376.945418 152.887204
3716.114258 2442.200250
4521.379547 1828.707020
3465.132552 2148.150812
9491.526023 8996.302015
4003.443049 6425.637755
4338.519231 1632.217891
9096.815334 8718.928876
8976.578987 2654.098143
1411.322966 4489.694366
6211.692871 8829.287658
1146.006724 8403.894770
504.614609 7803.321834
411.912794 2051.460902
9460.768006 8185.592693
9392.320835 9837.713423
8338.479897 3108.435093
2279.913673 2859.859445
4937.142113 5745.046225
5008.010257 4428.668131
4741.348235 9011.453306
854.305881 9079.867466
643.671197 9951.121216
7798.796337 9620.250184
2605.219354 9210.119308
4109.944545 8816.912225
8039.406961 5255.951274
7220.806995 8544.021574
3059.273103 7632.719789
595.482472 2520.041104
5818.312478 9987.803306
2357.754527 4156.792375
3096.238395 4637.668200
7016.651820 8033.380508
382.714421 2024.662072
2462.048634 5124.062661
1036.115378 3316.354520
4203.930122 1679.786575
3267.475731 2002.726459
1300.036754 5872.695090
1212.845762 5409.981304
4689.607310 9252.252723
665.932573 1910.414301
7796.274292 3725.205676
9543.134090 8391.756764
6245.246784 5361.446568
8379.560070 8603.001311
9518.238944 1475.798460
3240.669506 6534.890759
9509.178973 3623.383927
8559.552831 1971.227602
8747.446588 9595.668209
5287.582122 2951.376710
1275.454779 8555.057858
4954.103169 2575.491538
4427.752944 6166.948930
7985.472841 9117.360254
5419.201649 8651.405414
1027.774555 3215.475941
2376.611085 570.908641
1607.232700 8621.857869
5932.355209 9986.792770
7224.859175 5450.594148
1462.591231 465.528677
1985.484903 971.770199
4088.912608 545.037734
2942.997801 2836.359191
140.705938 8230.579928
5787.735901 1416.160721
6785.637781 741.839065
3991.652259 1213.390721
6908.787995 1977.125095
330.750970 2327.989644
628.530504 1358.525525
5543.465584 3005.141589
1929.434171 7150.698284
1626.999458 7861.789380
7137.491054 8851.858633
3312.383528 8600.082285
9317.387314 5297.868431
9571.852484 3406.299918
5842.906165 2514.850280
6242.659109 5983.612107
745.430203 2030.395010
7399.772828 7531.067984
2772.234074 1391.425082
8744.458705 9681.022074
3368.550177 9075.209680
2009.011713 3997.080682
433.735200 7552.477297
7002.222271 2363.169371
4703.175577 8629.221729
224.958751 1840.666627
7481.080362 3537.342280
440.748907 6798.467672
8835.210711 12.601386
204.767585 4678.116876
2527.451670 6447.426694
661.728978 3272.881873
8477.821703 8061.501807
803.949857 1250.055777
9452.926889 9548.408561
931.077847 2821.477062
8623.618236 2940.089560
6818.557743 9057.353441
492.566852 3820.780010
1420.522808 5195.742429
2450.001739 1645.481559
7036.409060 9931.082102
5182.823839 7477.157967
6729.549769 4018.034550
7489.759357 6934.317354
8696.151426 17.211023
3381.744043 9357.880405
3290.092895 1859.565746
7419.382207 4094.042752
3109.621523 6872.309091
3642.451313 4040.699370
9693.786152 2266.069545
6980.788930 6512.343891
1323.422981 7473.355782
333.123896 2743.945794
2669.098206 2783.125636
4389.427353 9705.507266
2714.207732 9572.251197
7182.665233 9443.757501
3590.285742 4672.424586
6378.074850 2286.437164
4689.635609 9759.818897
1644.317564 7979.728504
1619.384639 9063.699771
2073.771256 4729.006162
5936.008858 5716.222569
8769.705532 5629.795005
7982.292114 5750.494458
2142.138892 9305.715100
3223.850235 2475.262788
2049.660889 5892.948441
5258.388429 6439.088241
5598.455707 7972.596161
6011.339433 2781.120936
7416.353662 9601.625176
7453.545522 3794.428508
1888.062335 2143.181126
3554.247401 3532.379900
122.909625 5173.632039
2596.079666 2196.680881
9902.638202 8532.088524
7912.903450 8672.343729
4161.883525 5895.195564
4422.838182 6304.022417
5200.910659 7646.688417
8779.285210 7250.571548
3539.636859 4037.673634
3689.659784 9138.092566
2010.269790 9700.999223
1919.213497 9426.623452
9302.624394 9372.759019
3221.051960 1190.686729
1515.940140 6775.299360
4723.066629 1638.849765
1948.931400 7319.146300
3835.530651 1851.569597
5851.234820 1748.434096
523.913326 13.118344
7643.629661 4946.751508
6317.140761 2844.540315
2593.439926 5096.425966
95.111858 6133.076784
9134.099600 3784.771647
5271.169345 1144.369389
3485.770865 7190.382843
570.992837 2788.395254
6563.141857 3792.044797
3979.081984 8079.081996
567.344157 8702.148618
9717.931761 2516.275557
6021.294913 3553.462407
4367.845154 1872.529728
5301.896508 4891.758480
1885.648073 2945.526164
9838.509993 8202.788838
5790.066484 2431.949914
3299.214800 5885.178342
8565.026698 2433.314399
9669.949990 3836.196039
3577.683789 3155.720850
1026.578877 4148.676626
5944.116109 7589.720733
7940.721427 9923.198093
5668.802725 8508.065584
8625.346706 5386.734482
1024.341137 4646.641614
8940.196894 5392.186290
6519.171347 4242.093397
283.944770 8404.819420
7187.619562 122.454758
6607.608253 2977.686041
2554.404672 9906.823058
8862.864389 1119.431365
2340.137452 8532.814374
4955.627404 5917.821241
1688.535224 5982.206280
66.497861 7632.651333
3571.927009 8007.219289
7555.849421 9240.729734
6515.284868 6181.196126
