100
4143.346145 7354.122143
3370.079339 2087.354931
5412.866317 5302.455246
6302.495183 7062.277536
4972.196182 808.283035
9343.397007 9982.914957
2803.341519 2046.029946
5437.422099 4427.968540
5728.890228 9227.791465
5460.340425 2640.225255
37.050094 6662.951520
1738.665440 4371.205356
2942.711344 5507.010238
6634.924480 6822.894861
3678.770174 7809.855574
5528.495556 7822.116319
5163.977712 8898.574896
9909.471250 576.844025
4201.030137 6211.966433
7639.121566 9173.226319
7020.249468 6982.518568
9156.141271 9823.590987
9028.548519 4593.563371
4251.559523 4757.438742
3821.354831 9711.899948
7397.663997 3858.404925
6374.851464 9136.329437
8229.610286 9317.562808
4643.339675 4864.534761
6140.457669 8322.109849
2674.390330 1668.953221
6144.226168 7838.368047
567.528112 6053.697414
8415.212072 4768.558249
2265.663842 6054.333633
3941.784563 9285.913310
3036.852201 3097.925830
9109.504292 2065.400715
7691.489201 3361.063811
6822.839457 1512.844032
3072.963754 4220.503454
5371.248957 9447.815222
3356.832887 3600.859239
8765.378026 8000.172562
8465.394004 4905.835690
6322.282411 1139.784330
6574.788912 2466.508575
8978.152377 7142.317024
8520.205989 7393.364449
1910.875268 785.869831
3447.698077 5852.659832
71.783136 6484.550278
8950.585667 9181.287433
8549.950993 6642.074863
2542.351239 5372.790450
8154.918895 5615.314998
9593.293904 3526.167853
5063.130215 2950.126786
7127.027091 3828.508236
950.299348 5592.421091
8734.343931 7272.581760
6732.205426 5309.132838
9739.090335 5710.357798
2451.449862 8259.296319
3103.722242 4362.325130
9045.166149 6551.420324
214.984962 9116.949290
3035.970597 9165.570628
8298.236718 1585.921590
5807.645487 840.587952
6958.712040 3962.564382
6455.902949 6552.005939
7488.732234 1519.033160
9502.132726 4615.759321
5347.541401 452.432069
208.180412 4081.885328
7725.013829 6940.385838
9391.018166 7464.104159
2650.743631 1842.468023
5723.400477 5754.465878
6204.793158 4768.566622
2305.886197 6419.778120
3885.515907 5341.856794
5585.348744 2183.752620
6927.778384 1392.994226
3024.340576 3886.490419
5355.558607 9480.243525
438.496354 2844.290837
999.276685 9940.629085
7460.050163 6346.818086
393.061149 7668.230574
428.703409 8118.074982
4608.616407 9819.721575
5582.179136 7259.360038
1662.189598 1305.579609
3013.825912 7866.982756
6074.146235 5319.712109
4286.760871 9959.662142
661.568903 9872.109615
2143.414762 7589.347287
