1 0.000000 0.000001
2 0.000001 0.000001
3 0.000001 0.000001
4 0.000001 0.000005
5 0.000002 0.000007
6 0.000003 0.000009
7 0.000003 0.000009
8 0.000004 0.000015
9 0.000006 0.000019
10 0.000006 0.000018
11 0.000008 0.000019
12 0.000010 0.000022
13 0.000010 0.000024
14 0.000013 0.000031
15 0.000014 0.000034
16 0.000017 0.000040
17 0.000019 0.000042
18 0.000021 0.000045
19 0.000025 0.000054
20 0.000026 0.000050
21 0.000028 0.000047
22 0.000032 0.000053
23 0.000033 0.000050
24 0.000036 0.000054
25 0.000042 0.000070
26 0.000044 0.000069
27 0.000048 0.000075
28 0.000051 0.000085
29 0.000054 0.000083
30 0.000058 0.000098
31 0.000062 0.000095
32 0.000065 0.000096
33 0.000071 0.000100
34 0.000073 0.000098
35 0.000081 0.000116
36 0.000081 0.000110
37 0.000088 0.000110
38 0.000093 0.000115
39 0.000095 0.000113
40 0.000099 0.000113
41 0.000106 0.000117
42 0.000114 0.000128
43 0.000119 0.000125
44 0.000125 0.000128
45 0.000125 0.000121
46 0.000131 0.000120
47 0.000139 0.000124
48 0.000147 0.000129
49 0.000152 0.000148
50 0.000158 0.000153
51 0.000163 0.000151
52 0.000172 0.000153
53 0.000176 0.000153
54 0.000185 0.000169
55 0.000192 0.000179
56 0.000195 0.000177
57 0.000207 0.000188
58 0.000211 0.000187
59 0.000218 0.000179
60 0.000223 0.000191
61 0.000232 0.000194
62 0.000239 0.000200
63 0.000252 0.000222
64 0.000259 0.000222
65 0.000266 0.000210
66 0.000272 0.000212
67 0.000291 0.000235
68 0.000289 0.000223
69 0.000299 0.000228
70 0.000309 0.000250
71 0.000317 0.000245
72 0.000330 0.000246
73 0.000333 0.000234
74 0.000346 0.000261
75 0.000352 0.000258
76 0.000362 0.000240
77 0.000369 0.000242
78 0.000378 0.000240
79 0.000390 0.000275
80 0.000403 0.000254
81 0.000416 0.000247
82 0.000420 0.000251
83 0.000429 0.000241
84 0.000445 0.000266
85 0.000455 0.000262
86 0.000462 0.000263
87 0.000474 0.000269
88 0.000485 0.000250
89 0.000495 0.000271
90 0.000503 0.000302
91 0.000521 0.000293
92 0.000532 0.000271
93 0.000541 0.000264
94 0.000555 0.000283
95 0.000568 0.000305
96 0.000576 0.000285
97 0.000587 0.000300
98 0.000603 0.000313
99 0.000618 0.000306
100 0.000633 0.000321
