10 0.000036 0.000067
20 0.000077 0.000162
30 0.000090 0.000110
40 0.000132 0.000154
50 0.000209 0.000177
60 0.000316 0.000352
70 0.000323 0.000261
80 0.000642 0.000437
90 0.000502 0.000299
100 0.000622 0.000338
110 0.001198 0.000856
120 0.000979 0.000504
130 0.001146 0.000568
140 0.001328 0.000565
150 0.001772 0.000662
160 0.001596 0.000623
170 0.001874 0.000594
180 0.002133 0.000627
190 0.002244 0.000646
200 0.002489 0.000717
210 0.002970 0.000984
220 0.004115 0.001344
230 0.003281 0.000908
240 0.004874 0.001382
250 0.004316 0.001217
260 0.004452 0.001095
270 0.004657 0.001157
280 0.004898 0.001152
290 0.005371 0.001220
300 0.005785 0.001237
310 0.005996 0.001355
320 0.007371 0.001296
330 0.007272 0.001340
340 0.007229 0.001351
350 0.009109 0.002201
360 0.008251 0.001483
370 0.009323 0.001604
380 0.011437 0.001506
390 0.010327 0.001629
400 0.009989 0.001577
410 0.011180 0.001664
420 0.013386 0.002895
430 0.011981 0.001942
440 0.013540 0.002520
450 0.016626 0.001904
460 0.017433 0.002088
470 0.013911 0.002088
480 0.015733 0.002289
490 0.015180 0.002271
500 0.016038 0.002342
510 0.016941 0.002934
520 0.018288 0.003754
530 0.018261 0.002412
540 0.018958 0.002450
550 0.018988 0.002972
560 0.022819 0.002572
570 0.020724 0.002572
580 0.021968 0.002657
590 0.022298 0.002730
600 0.023348 0.003052
610 0.023795 0.002821
620 0.025103 0.003264
630 0.025722 0.002878
640 0.028575 0.002836
650 0.026628 0.002842
660 0.028063 0.002865
670 0.029623 0.003096
680 0.034307 0.002906
690 0.030726 0.002948
700 0.034791 0.004847
710 0.034818 0.003015
720 0.033190 0.003088
730 0.041126 0.004675
740 0.036278 0.003120
750 0.036133 0.003147
760 0.037404 0.003153
770 0.038228 0.003223
780 0.039329 0.003251
790 0.041654 0.003358
800 0.040913 0.003438
810 0.042789 0.003549
820 0.043256 0.003565
830 0.044680 0.003639
840 0.046584 0.003768
850 0.045737 0.003757
860 0.047945 0.003826
870 0.047754 0.003842
880 0.051180 0.004351
890 0.051652 0.003959
900 0.052134 0.004069
910 0.052189 0.004206
920 0.055356 0.004312
930 0.055409 0.004272
940 0.057545 0.004346
950 0.060795 0.004403
960 0.061701 0.004447
970 0.059553 0.006392
980 0.063472 0.004584
990 0.063634 0.004683
1000 0.065972 0.004756
