10 0.000037 0.000078
20 0.000083 0.000223
30 0.000091 0.000160
40 0.000137 0.000178
50 0.000183 0.000153
60 0.000262 0.000221
70 0.000494 0.000366
80 0.000662 0.000389
90 0.000640 0.000403
100 0.000661 0.000315
110 0.000776 0.000383
120 0.001257 0.000726
130 0.001477 0.000810
140 0.001222 0.000530
150 0.001885 0.000934
160 0.002180 0.000931
170 0.001893 0.000638
180 0.002020 0.000657
190 0.002247 0.000661
200 0.002497 0.000694
210 0.002833 0.000790
220 0.003359 0.000819
230 0.003698 0.000911
240 0.003804 0.001025
250 0.005290 0.001614
260 0.004451 0.001100
270 0.006542 0.001953
280 0.007182 0.002045
290 0.007534 0.001995
300 0.005607 0.001247
310 0.006094 0.001275
320 0.008670 0.002061
330 0.008870 0.002118
340 0.009803 0.002152
350 0.009629 0.001648
360 0.009149 0.001503
370 0.012149 0.002213
380 0.011024 0.001707
390 0.009477 0.001563
400 0.010160 0.002197
410 0.011392 0.001688
420 0.011547 0.002389
430 0.013341 0.002065
440 0.015206 0.001893
450 0.013348 0.001922
460 0.013831 0.002019
470 0.016596 0.002103
480 0.016394 0.002136
490 0.015517 0.002255
500 0.021040 0.002339
510 0.017963 0.002368
520 0.017573 0.002497
530 0.023221 0.004367
540 0.020415 0.002566
550 0.019647 0.002912
560 0.020227 0.002746
570 0.022991 0.002757
580 0.022960 0.002745
590 0.022444 0.002718
600 0.023803 0.002828
610 0.024206 0.002774
620 0.026904 0.002740
630 0.026494 0.003148
640 0.026886 0.003622
650 0.028764 0.002987
660 0.028022 0.003259
670 0.030534 0.002975
680 0.032080 0.003030
690 0.034129 0.003373
700 0.033225 0.003086
710 0.035621 0.003039
720 0.033759 0.003942
730 0.043790 0.003001
740 0.035848 0.003037
750 0.036037 0.003056
760 0.045021 0.003097
770 0.038202 0.003074
780 0.041834 0.003296
790 0.047644 0.003265
800 0.040754 0.003320
810 0.044523 0.003411
820 0.050521 0.003423
830 0.046729 0.004729
840 0.045565 0.003608
850 0.047345 0.005060
860 0.046742 0.003772
870 0.051246 0.003877
880 0.049441 0.003859
890 0.055483 0.003992
900 0.052858 0.004097
910 0.064185 0.006404
920 0.054521 0.004337
930 0.064564 0.004396
940 0.056635 0.004871
950 0.058714 0.004450
960 0.059160 0.004538
970 0.061155 0.004577
980 0.061230 0.004870
990 0.062968 0.004765
1000 0.065121 0.004821
1010 0.068075 0.004848
1020 0.066914 0.004889
1030 0.071087 0.005033
1040 0.069374 0.005295
1050 0.070981 0.005304
1060 0.074611 0.005342
1070 0.073755 0.005404
1080 0.077140 0.005510
1090 0.077116 0.005506
1100 0.080637 0.005561
1110 0.079524 0.005657
1120 0.081487 0.005710
1130 0.082506 0.005754
1140 0.083669 0.005715
1150 0.088764 0.005870
1160 0.086095 0.005887
1170 0.088162 0.005920
1180 0.090081 0.005951
1190 0.090341 0.006964
1200 0.099856 0.009969
1210 0.096786 0.008735
1220 0.098012 0.006311
1230 0.099313 0.006349
1240 0.102291 0.006756
1250 0.101272 0.006187
1260 0.107910 0.006241
1270 0.106065 0.006212
1280 0.110652 0.007622
1290 0.108782 0.006326
1300 0.113741 0.006480
1310 0.110475 0.007047
1320 0.115217 0.006801
1330 0.113892 0.006590
1340 0.115770 0.006477
1350 0.119852 0.006559
1360 0.121680 0.006490
1370 0.123341 0.006522
1380 0.124655 0.006635
1390 0.126713 0.006628
1400 0.129776 0.006675
1410 0.129899 0.006724
1420 0.131720 0.006722
1430 0.133596 0.006812
1440 0.135626 0.006772
1450 0.137497 0.006854
1460 0.139243 0.006896
1470 0.142951 0.006925
1480 0.141296 0.006901
1490 0.144946 0.007098
1500 0.146823 0.006981
1510 0.148128 0.007057
1520 0.151212 0.007088
1530 0.152588 0.007108
1540 0.152228 0.007118
1550 0.156160 0.007104
1560 0.158196 0.007266
1570 0.163847 0.007360
1580 0.164588 0.007352
1590 0.168892 0.007470
1600 0.165991 0.007519
1610 0.169847 0.007625
1620 0.172688 0.007739
1630 0.174826 0.007726
1640 0.179386 0.007875
1650 0.176237 0.007845
1660 0.181943 0.007984
1670 0.187967 0.008034
1680 0.187185 0.008176
1690 0.193236 0.011512
1700 0.193863 0.011799
1710 0.194559 0.012355
1720 0.199675 0.010803
1730 0.199969 0.008925
1740 0.193930 0.009000
1750 0.197035 0.008935
1760 0.198607 0.009070
1770 0.200085 0.009174
1780 0.203531 0.009029
1790 0.210610 0.008995
1800 0.208031 0.009181
1810 0.208146 0.009260
1820 0.212410 0.009398
1830 0.217323 0.009356
1840 0.216232 0.009687
1850 0.219425 0.009391
1860 0.222151 0.009484
1870 0.226637 0.009546
1880 0.229170 0.009620
1890 0.231267 0.009775
1900 0.234282 0.009746
1910 0.237414 0.009754
1920 0.238943 0.009912
1930 0.241297 0.009946
1940 0.243140 0.009986
1950 0.246704 0.010067
1960 0.248403 0.010295
1970 0.250753 0.010229
1980 0.253277 0.011363
1990 0.256255 0.010671
2000 0.257751 0.010738
2010 0.263649 0.010861
2020 0.263299 0.011056
2030 0.264502 0.010891
2040 0.265153 0.010888
2050 0.271050 0.010994
2060 0.273979 0.011066
2070 0.276026 0.011073
2080 0.277702 0.011223
2090 0.281166 0.011284
2100 0.280611 0.011329
2110 0.286487 0.011327
2120 0.289269 0.011539
2130 0.291494 0.011547
2140 0.293768 0.011521
2150 0.295700 0.011624
2160 0.301388 0.011839
2170 0.303687 0.011799
2180 0.309039 0.011869
2190 0.309825 0.011667
2200 0.309857 0.011746
2210 0.312968 0.011743
2220 0.316999 0.012138
2230 0.319528 0.012121
2240 0.322550 0.012191
2250 0.325554 0.012125
2260 0.325451 0.012201
2270 0.328117 0.012340
2280 0.344233 0.012592
2290 0.344675 0.012959
2300 0.344856 0.012736
2310 0.340818 0.012326
2320 0.348937 0.012451
2330 0.347135 0.012422
2340 0.356704 0.012779
2350 0.359459 0.012850
2360 0.363860 0.012747
2370 0.358187 0.012980
2380 0.359963 0.012840
2390 0.367263 0.012877
2400 0.369656 0.012895
2410 0.375279 0.012955
2420 0.373721 0.012811
2430 0.376645 0.012870
2440 0.383288 0.012907
2450 0.385433 0.013131
2460 0.390832 0.013155
2470 0.389485 0.013419
2480 0.392004 0.013553
2490 0.396138 0.013214
2500 0.399619 0.013189
2510 0.405100 0.013166
2520 0.405893 0.013183
2530 0.410174 0.013167
2540 0.413331 0.013615
2550 0.417156 0.013548
2560 0.421319 0.013634
2570 0.421795 0.013790
2580 0.426446 0.013604
2590 0.429990 0.013838
2600 0.433480 0.013999
2610 0.434987 0.014013
2620 0.441555 0.014044
2630 0.442446 0.013932
2640 0.448294 0.013902
2650 0.455686 0.013751
2660 0.460523 0.013845
2670 0.455717 0.013706
2680 0.460617 0.013696
2690 0.460306 0.014211
2700 0.462735 0.014823
2710 0.478099 0.014260
2720 0.481400 0.014390
2730 0.486113 0.014367
2740 0.490172 0.014536
2750 0.494262 0.014440
2760 0.485958 0.015009
2770 0.488227 0.014700
2780 0.495875 0.014840
2790 0.503529 0.014557
2800 0.501070 0.014561
2810 0.503536 0.014733
2820 0.507690 0.014730
2830 0.510233 0.014705
2840 0.513060 0.014664
2850 0.517061 0.014585
2860 0.527304 0.014995
2870 0.523851 0.014887
2880 0.531445 0.015181
2890 0.530573 0.015275
2900 0.538856 0.015148
2910 0.540203 0.015223
2920 0.544316 0.015056
2930 0.550419 0.015178
2940 0.552644 0.015159
2950 0.556728 0.015274
2960 0.567128 0.015315
2970 0.564596 0.015350
2980 0.566087 0.015343
2990 0.579489 0.015306
3000 0.582520 0.015481
3010 0.584573 0.015548
3020 0.591875 0.015400
3030 0.595432 0.015552
3040 0.598179 0.015583
3050 0.603618 0.015617
3060 0.598782 0.015973
3070 0.599846 0.015496
3080 0.607513 0.015787
3090 0.610386 0.015974
3100 0.613979 0.015681
3110 0.619609 0.015926
3120 0.620015 0.016015
3130 0.627898 0.015800
3140 0.630795 0.016082
3150 0.633687 0.016140
3160 0.638902 0.016126
3170 0.640487 0.016497
3180 0.650469 0.016577
3190 0.657187 0.016679
3200 0.664711 0.016424
3210 0.666436 0.016646
3220 0.672796 0.017160
3230 0.672989 0.016862
3240 0.680208 0.017032
3250 0.673066 0.017534
3260 0.678215 0.017151
3270 0.682503 0.016977
3280 0.685192 0.017070
3290 0.689241 0.017285
3300 0.703432 0.017369
3310 0.697713 0.017576
3320 0.710668 0.017521
3330 0.712081 0.017494
3340 0.719943 0.017654
3350 0.719633 0.018203
3360 0.729953 0.017930
3370 0.737233 0.017913
3380 0.733546 0.017935
3390 0.739325 0.018132
3400 0.748401 0.018479
3410 0.753102 0.018495
3420 0.748635 0.018493
3430 0.750900 0.018385
3440 0.756034 0.018485
3450 0.762944 0.018355
3460 0.770482 0.018735
3470 0.779602 0.018697
3480 0.785507 0.018785
3490 0.787710 0.018813
3500 0.788637 0.019159
3510 0.791647 0.019214
3520 0.794915 0.019329
3530 0.805342 0.019439
3540 0.809743 0.019454
3550 0.806087 0.019399
3560 0.822617 0.019484
3570 0.825170 0.019804
3580 0.825057 0.019336
3590 0.836329 0.019773
3600 0.828279 0.019707
3610 0.832554 0.019924
3620 0.839853 0.020178
3630 0.856743 0.019919
3640 0.856882 0.020242
3650 0.864750 0.020260
3660 0.858567 0.020601
3670 0.860194 0.020324
3680 0.879522 0.020243
3690 0.872463 0.020498
3700 0.886309 0.021934
3710 0.880510 0.021815
3720 0.898389 0.021108
3730 0.901215 0.020875
3740 0.902668 0.021210
3750 0.909209 0.020785
3760 0.912107 0.021055
3770 0.910203 0.021204
3780 0.924354 0.021568
3790 0.918452 0.021366
3800 0.922981 0.021198
3810 0.928042 0.021501
3820 0.937434 0.021632
3830 0.933508 0.021900
3840 0.939429 0.021550
3850 0.944622 0.021637
3860 0.949897 0.021943
3870 0.956429 0.022349
3880 0.969383 0.022359
3890 0.973780 0.022246
3900 0.969442 0.022598
3910 0.981508 0.022206
3920 0.977918 0.022279
3930 0.996822 0.022575
3940 0.996393 0.022674
3950 1.006405 0.022493
3960 1.013872 0.022717
3970 1.018462 0.022786
3980 1.024167 0.023125
3990 1.028793 0.022975
4000 1.033477 0.022868
4010 1.024942 0.023112
4020 1.027486 0.023256
4030 1.033142 0.023020
4040 1.039059 0.023459
4050 1.056164 0.023437
4060 1.049295 0.023127
4070 1.055570 0.023629
4080 1.062027 0.023150
4090 1.065213 0.024322
4100 1.073342 0.023723
4110 1.075668 0.024032
4120 1.080165 0.023899
4130 1.085085 0.024782
4140 1.091136 0.024194
4150 1.098131 0.024854
4160 1.100055 0.024882
4170 1.108606 0.024560
4180 1.123361 0.024678
4190 1.118063 0.024701
4200 1.123809 0.025152
4210 1.127990 0.025075
4220 1.131306 0.025498
4230 1.139976 0.025122
4240 1.144678 0.025517
4250 1.150322 0.025349
4260 1.155252 0.025612
4270 1.164130 0.025300
4280 1.164136 0.025322
4290 1.177280 0.025497
4300 1.182303 0.026350
4310 1.192971 0.025828
4320 1.190214 0.025529
4330 1.189566 0.025695
4340 1.198783 0.025559
4350 1.216079 0.025618
4360 1.216974 0.025730
4370 1.222529 0.026151
4380 1.220390 0.026313
4390 1.228606 0.026253
4400 1.245497 0.025899
4410 1.240807 0.025963
4420 1.248765 0.026518
4430 1.269631 0.026275
4440 1.257896 0.026087
4450 1.263524 0.026669
4460 1.264516 0.026323
4470 1.271838 0.026424
4480 1.291073 0.026084
4490 1.284453 0.026511
4500 1.290749 0.026179
4510 1.303716 0.026781
4520 1.306803 0.026837
4530 1.308382 0.026925
4540 1.310251 0.026569
4550 1.318084 0.027004
4560 1.333045 0.026811
4570 1.337976 0.027007
4580 1.348856 0.027467
4590 1.353802 0.027091
4600 1.355175 0.027112
4610 1.348468 0.027306
4620 1.363048 0.027310
4630 1.367787 0.027021
4640 1.379206 0.027138
4650 1.378669 0.027295
4660 1.389857 0.027669
4670 1.392314 0.027272
4680 1.394656 0.027398
4690 1.400521 0.027950
4700 1.414524 0.027582
4710 1.411820 0.027606
4720 1.420446 0.027568
4730 1.423145 0.027802
4740 1.428922 0.027776
4750 1.434806 0.028025
4760 1.449202 0.027892
4770 1.458268 0.027946
4780 1.462170 0.028244
4790 1.462583 0.028206
4800 1.477386 0.027942
4810 1.483448 0.028408
4820 1.488774 0.028226
4830 1.483859 0.028281
4840 1.501666 0.028538
4850 1.501184 0.027859
4860 1.505743 0.028373
4870 1.517098 0.029550
4880 1.517257 0.028954
4890 1.523513 0.028824
4900 1.528836 0.028948
4910 1.534112 0.028328
4920 1.544449 0.028813
4930 1.558238 0.028991
4940 1.559454 0.028905
4950 1.574558 0.029240
4960 1.575100 0.028961
4970 1.592541 0.028475
4980 1.592445 0.028998
4990 1.594591 0.029064
5000 1.595717 0.029280
