10 0.000038 0.000067
20 0.000083 0.000200
30 0.000083 0.000118
40 0.000161 0.000190
50 0.000159 0.000150
60 0.000308 0.000326
70 0.000420 0.000401
80 0.000558 0.000426
90 0.001073 0.000456
100 0.000702 0.000327
110 0.000929 0.000397
120 0.000963 0.000464
130 0.001106 0.000562
140 0.001500 0.000639
150 0.001544 0.000599
160 0.001916 0.000728
170 0.002256 0.000673
180 0.002210 0.000905
190 0.002347 0.000659
200 0.002748 0.000855
210 0.003774 0.001281
220 0.003847 0.001078
230 0.003354 0.001386
240 0.004348 0.001392
250 0.004610 0.001081
260 0.004590 0.001479
270 0.005159 0.001188
280 0.006185 0.001260
290 0.005926 0.001202
300 0.006378 0.001627
310 0.007167 0.001335
320 0.006565 0.001362
330 0.007073 0.001377
340 0.007613 0.001859
350 0.007744 0.001550
360 0.010558 0.001529
370 0.008987 0.001718
380 0.015242 0.001557
390 0.013688 0.002179
400 0.013933 0.001648
410 0.011746 0.001737
420 0.011518 0.001766
430 0.015660 0.002050
440 0.013238 0.002243
450 0.014331 0.001939
460 0.013399 0.001971
470 0.014673 0.002350
480 0.017333 0.002138
490 0.019165 0.002243
500 0.016524 0.002672
510 0.016574 0.003005
520 0.021429 0.003931
530 0.019638 0.002471
540 0.018386 0.002609
550 0.020165 0.002564
560 0.025736 0.002583
570 0.021440 0.002654
580 0.024522 0.002665
590 0.024169 0.003037
600 0.024292 0.002772
610 0.026806 0.004852
620 0.025681 0.002893
630 0.027724 0.002850
640 0.027127 0.002907
650 0.034380 0.002943
660 0.033380 0.002933
670 0.030118 0.003008
680 0.038231 0.002979
690 0.032490 0.003033
700 0.034925 0.004317
710 0.035137 0.004400
720 0.033787 0.003090
730 0.037364 0.003197
740 0.036856 0.003209
750 0.039175 0.003232
760 0.039115 0.003148
770 0.038860 0.003182
780 0.039089 0.003246
790 0.044019 0.003323
800 0.042539 0.003367
810 0.042250 0.003473
820 0.045945 0.003981
830 0.047348 0.003777
840 0.049035 0.005983
850 0.048768 0.003789
860 0.056353 0.006208
870 0.050570 0.003930
880 0.050553 0.003967
890 0.054135 0.004098
900 0.053016 0.004079
910 0.066142 0.004171
920 0.058330 0.004281
930 0.065861 0.004403
940 0.056909 0.007044
950 0.062160 0.004509
960 0.061140 0.004632
970 0.063073 0.004724
980 0.067372 0.004723
990 0.068194 0.004761
1000 0.065365 0.005120
1010 0.071228 0.004941
1020 0.069184 0.004959
1030 0.077320 0.005064
1040 0.072438 0.005212
1050 0.074626 0.005232
1060 0.072417 0.005303
1070 0.074720 0.005367
1080 0.082822 0.005451
1090 0.085037 0.005521
1100 0.079276 0.005591
1110 0.088274 0.005613
1120 0.083828 0.005604
1130 0.086118 0.005613
1140 0.089688 0.005648
1150 0.091315 0.006863
1160 0.088847 0.005783
1170 0.089000 0.005875
1180 0.090602 0.006126
1190 0.092181 0.006964
1200 0.093820 0.006131
1210 0.096284 0.006413
1220 0.098109 0.006096
1230 0.097983 0.006232
1240 0.099409 0.009938
1250 0.104997 0.006198
1260 0.105042 0.006287
1270 0.104855 0.006346
1280 0.110692 0.010301
1290 0.109105 0.006621
1300 0.113914 0.006786
1310 0.110822 0.006651
1320 0.115446 0.006758
1330 0.119800 0.009154
1340 0.116145 0.007078
1350 0.130713 0.006578
1360 0.124469 0.006742
1370 0.133061 0.006674
1380 0.131701 0.006631
1390 0.131110 0.006796
1400 0.134063 0.006958
1410 0.130623 0.007036
1420 0.130447 0.006968
1430 0.142579 0.006980
1440 0.148817 0.007496
1450 0.139749 0.007124
1460 0.157814 0.008841
1470 0.166835 0.008143
1480 0.158952 0.007441
1490 0.153717 0.010973
1500 0.165409 0.008169
1510 0.152300 0.007417
1520 0.150955 0.007628
1530 0.184979 0.007682
1540 0.156906 0.007713
1550 0.161697 0.008052
1560 0.163754 0.007661
1570 0.166083 0.007704
1580 0.167837 0.007701
1590 0.172275 0.007913
1600 0.181096 0.008681
1610 0.183832 0.007758
1620 0.178174 0.009175
1630 0.181451 0.008773
1640 0.184298 0.008411
1650 0.187298 0.008676
1660 0.189558 0.010780
1670 0.185663 0.008441
1680 0.191987 0.008624
1690 0.216024 0.010792
1700 0.195938 0.012244
1710 0.194015 0.012158
1720 0.193573 0.008852
1730 0.192617 0.008829
1740 0.206785 0.009678
1750 0.235695 0.010346
1760 0.210100 0.009406
1770 0.206559 0.009240
1780 0.210908 0.008914
1790 0.219771 0.008965
1800 0.209565 0.009355
1810 0.218241 0.009293
1820 0.214055 0.009356
1830 0.224042 0.009358
1840 0.230630 0.009657
1850 0.231916 0.009623
1860 0.221338 0.009566
1870 0.224823 0.009589
1880 0.243870 0.010230
1890 0.230923 0.009848
1900 0.257932 0.010118
1910 0.237196 0.010724
1920 0.242600 0.010351
1930 0.241563 0.010447
1940 0.239758 0.010203
1950 0.246324 0.010480
1960 0.253628 0.011753
1970 0.267102 0.010747
1980 0.254105 0.010979
1990 0.272807 0.010682
2000 0.264722 0.010776
2010 0.271363 0.010750
2020 0.271163 0.010582
2030 0.275257 0.010687
2040 0.274860 0.011243
2050 0.283689 0.015219
2060 0.301861 0.012087
2070 0.283511 0.011600
2080 0.282300 0.011556
2090 0.284385 0.011668
2100 0.282564 0.011603
2110 0.284858 0.011694
2120 0.295779 0.011584
2130 0.303015 0.011718
2140 0.291511 0.011715
2150 0.299153 0.011995
2160 0.305785 0.012073
2170 0.311635 0.012671
2180 0.314543 0.015498
2190 0.335599 0.013154
2200 0.318367 0.012301
2210 0.333337 0.012915
2220 0.337310 0.012524
2230 0.327642 0.012363
2240 0.336352 0.013609
2250 0.338104 0.012566
2260 0.335823 0.012802
2270 0.357355 0.013301
2280 0.352303 0.013469
2290 0.340487 0.013457
2300 0.347024 0.012770
2310 0.345270 0.013818
2320 0.358946 0.012815
2330 0.354484 0.014642
2340 0.364398 0.012852
2350 0.429831 0.013547
2360 0.367405 0.013078
2370 0.369856 0.013045
2380 0.364634 0.013058
2390 0.373602 0.013098
2400 0.371721 0.013190
2410 0.370152 0.013176
2420 0.372305 0.013051
2430 0.381521 0.013229
2440 0.382489 0.013354
2450 0.395791 0.013396
2460 0.389686 0.013403
2470 0.386976 0.013243
2480 0.394727 0.013237
2490 0.403932 0.013672
2500 0.408120 0.013713
2510 0.398485 0.013466
2520 0.409978 0.013479
2530 0.408024 0.013500
2540 0.409856 0.013678
2550 0.426298 0.013771
2560 0.423748 0.013923
2570 0.440278 0.014044
2580 0.433979 0.013805
2590 0.434897 0.013768
2600 0.440971 0.014158
2610 0.438775 0.014061
2620 0.438389 0.014303
2630 0.442470 0.014397
2640 0.454856 0.014388
2650 0.459939 0.014061
2660 0.459685 0.015008
2670 0.473162 0.016906
2680 0.466573 0.014630
2690 0.507792 0.015781
2700 0.462200 0.015510
2710 0.485399 0.014809
2720 0.494618 0.014566
2730 0.523373 0.015558
2740 0.484082 0.014575
2750 0.491549 0.015370
2760 0.507891 0.015246
2770 0.506777 0.014798
2780 0.540293 0.018406
2790 0.531545 0.015289
2800 0.547397 0.015417
2810 0.571936 0.018475
2820 0.607407 0.016899
2830 0.590675 0.015020
2840 0.529558 0.021095
2850 0.545757 0.019897
2860 0.547837 0.016185
2870 0.553930 0.016817
2880 0.559711 0.015097
2890 0.564680 0.017049
2900 0.650215 0.019875
2910 0.645260 0.016038
2920 0.564462 0.016682
2930 0.573294 0.015819
2940 0.761754 0.017241
2950 0.655317 0.016557
2960 0.578916 0.017221
2970 0.646326 0.015729
2980 0.569693 0.015570
2990 0.574127 0.016667
3000 0.585415 0.015888
3010 0.586828 0.015693
3020 0.594002 0.015719
3030 0.590757 0.015439
3040 0.588839 0.015841
3050 0.620040 0.016962
3060 0.618893 0.015670
3070 0.625639 0.016080
3080 0.622978 0.016055
3090 0.618733 0.015722
3100 0.615895 0.016088
3110 0.622832 0.016711
3120 0.635418 0.017047
3130 0.632013 0.017181
3140 0.653519 0.017373
3150 0.676491 0.016560
3160 0.664199 0.016261
3170 0.661341 0.016322
3180 0.647555 0.019866
3190 0.648638 0.016958
3200 0.659061 0.017009
3210 0.664859 0.017036
3220 0.662008 0.016902
3230 0.667112 0.017210
3240 0.681934 0.017521
3250 0.710906 0.017416
3260 0.689898 0.017416
3270 0.678610 0.017460
3280 0.744096 0.018320
3290 0.705505 0.017668
3300 0.703048 0.017430
3310 0.704096 0.017498
3320 0.702366 0.020048
3330 0.713263 0.017718
3340 0.732568 0.019255
3350 0.756040 0.018788
3360 0.726744 0.018297
3370 0.759630 0.018685
3380 0.792672 0.019521
3390 0.769067 0.018266
3400 0.817156 0.020941
3410 0.779328 0.019437
3420 0.766086 0.018423
3430 0.810802 0.020394
3440 0.766442 0.020462
3450 0.762790 0.019513
3460 0.784018 0.019068
3470 0.763123 0.018967
3480 0.774284 0.020814
3490 0.802789 0.019366
3500 0.782595 0.019320
3510 0.789669 0.019356
3520 0.789812 0.019767
3530 0.802763 0.019286
3540 0.809723 0.019516
3550 0.804970 0.019614
3560 0.809391 0.019671
3570 0.829293 0.020073
3580 0.838414 0.020012
3590 0.874266 0.021041
3600 0.837442 0.020153
3610 0.848106 0.020997
3620 0.858381 0.020288
3630 0.857560 0.020705
3640 0.880458 0.020506
3650 0.863036 0.021089
3660 0.917943 0.022076
3670 0.906604 0.030208
3680 0.900126 0.024802
3690 0.925744 0.021514
3700 0.893245 0.020808
3710 0.880246 0.020932
3720 0.901814 0.021091
3730 0.902980 0.021506
3740 0.896852 0.021183
3750 0.917272 0.021961
3760 0.946449 0.022648
3770 0.956953 0.030589
3780 0.997676 0.022126
3790 0.942240 0.022358
3800 0.940437 0.023588
3810 0.983748 0.021768
3820 0.928478 0.021862
3830 0.956142 0.022044
3840 0.949516 0.022043
3850 0.952087 0.021916
3860 0.952477 0.022378
3870 0.969542 0.022442
3880 0.961774 0.022399
3890 0.977487 0.022306
3900 0.973830 0.022750
3910 0.973242 0.023976
3920 0.999579 0.023377
3930 0.996671 0.022848
3940 1.010745 0.023295
3950 1.016445 0.023929
3960 1.005546 0.023186
3970 1.010822 0.023187
3980 1.034477 0.023863
3990 1.030667 0.024154
4000 1.058466 0.023247
4010 1.021908 0.023427
4020 1.054254 0.023913
4030 1.051458 0.025510
4040 1.057915 0.023609
4050 1.053188 0.023820
4060 1.063013 0.027265
4070 1.053978 0.024031
4080 1.063402 0.024158
4090 1.065630 0.023929
4100 1.079873 0.024867
4110 1.106839 0.027324
4120 1.193228 0.024135
4130 1.087431 0.024337
4140 1.095641 0.025304
4150 1.107932 0.024697
4160 1.133798 0.026008
4170 1.161439 0.025409
4180 1.167182 0.026765
4190 1.191793 0.025496
4200 1.229662 0.028585
4210 1.253400 0.030493
4220 1.313021 0.028257
4230 1.163820 0.025846
4240 1.161971 0.025268
4250 1.271706 0.025906
4260 1.349190 0.033771
4270 1.405234 0.039731
4280 1.568905 0.039825
4290 1.395527 0.026040
4300 1.236865 0.026375
4310 1.262522 0.034213
4320 1.339351 0.027616
4330 1.293972 0.027032
4340 1.250779 0.029853
4350 1.444889 0.028154
4360 1.423889 0.029315
4370 1.435196 0.036673
4380 1.307840 0.043421
4390 1.594283 0.033570
4400 1.310966 0.028214
4410 1.382630 0.036507
4420 1.512506 0.029217
4430 1.638817 0.031473
4440 1.415352 0.031837
4450 1.449134 0.030110
4460 1.462960 0.036909
4470 1.470534 0.030525
4480 1.458863 0.030924
4490 1.442041 0.031513
4500 1.455433 0.030602
4510 1.507876 0.030581
4520 1.516106 0.030436
4530 1.500581 0.032730
4540 1.491752 0.030105
4550 1.538267 0.046860
4560 1.536487 0.030736
4570 1.499027 0.030888
4580 1.530186 0.030808
4590 1.524513 0.030898
4600 1.628663 0.029889
4610 1.590231 0.032633
4620 1.617915 0.031357
4630 1.582012 0.031115
4640 1.685877 0.038953
4650 1.617333 0.030069
4660 1.632390 0.032488
4670 1.600517 0.031061
4680 1.624520 0.030784
4690 1.629549 0.033925
4700 1.742167 0.032503
4710 1.576462 0.032320
4720 1.584820 0.034334
4730 1.698378 0.033076
4740 1.604537 0.031478
4750 1.622644 0.032169
4760 1.648661 0.035707
4770 1.658658 0.031231
4780 1.827738 0.032131
4790 1.673398 0.045717
4800 1.955748 0.031351
4810 1.795327 0.033162
4820 1.748432 0.031896
4830 1.759101 0.031972
4840 1.845952 0.038491
4850 1.912258 0.028943
4860 1.648991 0.043248
4870 2.099080 0.034415
4880 1.740299 0.032750
4890 1.728344 0.033461
4900 1.814072 0.033075
4910 1.932864 0.033724
4920 1.825618 0.029341
4930 1.766574 0.036856
4940 2.071476 0.041183
4950 1.884200 0.033433
4960 1.741332 0.032155
4970 1.809897 0.034024
4980 1.777733 0.032285
4990 1.802918 0.031765
5000 1.830458 0.033330
