1 0.000000 0.000002
2 0.000001 0.000002
3 0.000001 0.000002
4 0.000001 0.000006
5 0.000002 0.000008
6 0.000003 0.000009
7 0.000003 0.000013
8 0.000004 0.000018
9 0.000005 0.000020
10 0.000006 0.000021
11 0.000008 0.000023
12 0.000009 0.000023
13 0.000011 0.000031
14 0.000012 0.000034
15 0.000015 0.000042
16 0.000017 0.000052
17 0.000020 0.000057
18 0.000022 0.000051
19 0.000024 0.000056
20 0.000029 0.000061
21 0.000030 0.000060
22 0.000032 0.000059
23 0.000037 0.000073
24 0.000037 0.000058
25 0.000040 0.000065
26 0.000043 0.000070
27 0.000046 0.000076
28 0.000049 0.000085
29 0.000054 0.000088
30 0.000056 0.000093
31 0.000060 0.000100
32 0.000064 0.000099
33 0.000069 0.000105
34 0.000073 0.000105
35 0.000077 0.000117
36 0.000081 0.000112
37 0.000086 0.000117
38 0.000091 0.000115
39 0.000096 0.000119
40 0.000100 0.000118
41 0.000105 0.000127
42 0.000111 0.000138
43 0.000116 0.000124
44 0.000131 0.000146
45 0.000133 0.000147
46 0.000135 0.000142
47 0.000139 0.000136
48 0.000145 0.000144
49 0.000184 0.000207
50 0.000160 0.000152
51 0.000170 0.000163
52 0.000180 0.000173
53 0.000221 0.000227
54 0.000224 0.000240
55 0.000217 0.000205
56 0.000251 0.000267
57 0.000252 0.000267
58 0.000251 0.000253
59 0.000254 0.000257
60 0.000262 0.000291
61 0.000262 0.000248
62 0.000275 0.000294
63 0.000279 0.000255
64 0.000289 0.000270
65 0.000317 0.000301
66 0.000318 0.000294
67 0.000322 0.000295
68 0.000327 0.000292
69 0.000367 0.000357
70 0.000363 0.000314
71 0.000361 0.000317
72 0.000373 0.000322
73 0.000400 0.000320
74 0.000400 0.000335
75 0.000410 0.000334
76 0.000427 0.000346
77 0.000443 0.000345
78 0.000416 0.000317
79 0.000470 0.000354
80 0.000493 0.000359
81 0.000494 0.000374
82 0.000509 0.000363
83 0.000533 0.000403
84 0.000528 0.000381
85 0.000570 0.000396
86 0.000549 0.000385
87 0.000554 0.000383
88 0.000560 0.000385
89 0.000588 0.000382
90 0.000606 0.000396
91 0.000637 0.000426
92 0.000623 0.000389
93 0.000640 0.000413
94 0.000652 0.000387
95 0.000668 0.000409
96 0.000698 0.000436
97 0.000688 0.000431
98 0.000704 0.000437
99 0.000728 0.000404
100 0.000735 0.000443
