10 0.000049 0.000077
20 0.000074 0.000192
30 0.000099 0.000156
40 0.000104 0.000163
50 0.000231 0.000232
60 0.000312 0.000326
70 0.000312 0.000247
80 0.001381 0.000436
90 0.000693 0.000458
100 0.000852 0.000557
110 0.000877 0.000408
120 0.001247 0.000717
130 0.001450 0.000823
140 0.001671 0.000906
150 0.001789 0.000944
160 0.002066 0.000645
170 0.002440 0.001066
180 0.002212 0.000707
190 0.003598 0.001419
200 0.002931 0.000791
210 0.003325 0.001099
220 0.003870 0.001067
230 0.003940 0.001402
240 0.003876 0.001218
250 0.005255 0.001143
260 0.006040 0.001981
270 0.005356 0.001277
280 0.007356 0.001808
290 0.005700 0.001346
300 0.007651 0.001419
310 0.006664 0.001438
320 0.008734 0.002023
330 0.009225 0.002482
340 0.009248 0.002246
350 0.010574 0.001772
360 0.011106 0.002476
370 0.011713 0.002475
380 0.012327 0.001877
390 0.010281 0.002037
400 0.010619 0.001783
410 0.011021 0.002081
420 0.014112 0.001910
430 0.017592 0.002336
440 0.012505 0.002437
450 0.018685 0.003479
460 0.015818 0.002455
470 0.014212 0.002337
480 0.017622 0.002804
490 0.018590 0.003952
500 0.018789 0.002558
510 0.017119 0.002681
520 0.018524 0.002796
530 0.023183 0.002899
540 0.018546 0.003557
550 0.022510 0.002837
560 0.023603 0.002938
570 0.020676 0.002993
580 0.023872 0.003027
590 0.025413 0.003072
600 0.027242 0.003233
610 0.027327 0.003185
620 0.028523 0.003693
630 0.028187 0.003231
640 0.029004 0.003311
650 0.029427 0.003485
660 0.030572 0.003431
670 0.032370 0.003395
680 0.030867 0.003443
690 0.031810 0.003455
700 0.032217 0.003560
710 0.040148 0.005711
720 0.038279 0.003682
730 0.037900 0.003605
740 0.042230 0.003727
750 0.036315 0.003658
760 0.040987 0.003654
770 0.046415 0.003926
780 0.039845 0.003795
790 0.043390 0.003941
800 0.044486 0.004090
810 0.044125 0.004086
820 0.047799 0.004142
830 0.043711 0.004170
840 0.045311 0.004897
850 0.046474 0.004546
860 0.053972 0.004894
870 0.050617 0.004494
880 0.056370 0.005887
890 0.051397 0.007538
900 0.057787 0.007388
910 0.052320 0.004772
920 0.061193 0.006789
930 0.056349 0.004986
940 0.069618 0.004950
950 0.062009 0.005005
960 0.064088 0.005052
970 0.060855 0.005207
980 0.062590 0.005450
990 0.066365 0.005352
1000 0.071327 0.005474
1010 0.071068 0.005527
1020 0.076153 0.005710
1030 0.069311 0.005671
1040 0.074854 0.005801
1050 0.072315 0.006211
1060 0.078134 0.006232
1070 0.078222 0.006245
1080 0.082600 0.006397
1090 0.081511 0.006485
1100 0.080994 0.006491
1110 0.080557 0.006608
1120 0.087489 0.006702
1130 0.086988 0.006806
1140 0.088984 0.006671
1150 0.085333 0.006781
1160 0.093601 0.006522
1170 0.092334 0.006804
1180 0.089994 0.006666
1190 0.091459 0.006929
1200 0.095488 0.007332
1210 0.095027 0.008170
1220 0.095103 0.010697
1230 0.095803 0.009972
1240 0.098638 0.011297
1250 0.103318 0.007315
1260 0.102596 0.007602
1270 0.105698 0.007408
1280 0.110854 0.007423
1290 0.105682 0.007568
1300 0.113106 0.007712
1310 0.120842 0.009751
1320 0.120402 0.011384
1330 0.123044 0.008856
1340 0.119772 0.007666
1350 0.120261 0.007858
1360 0.118500 0.007963
1370 0.121118 0.010703
1380 0.122515 0.008188
1390 0.127843 0.007959
1400 0.129379 0.008126
1410 0.132685 0.008220
1420 0.130678 0.008213
1430 0.138804 0.008308
1440 0.137373 0.008337
1450 0.138807 0.008492
1460 0.136808 0.008492
1470 0.139269 0.008152
1480 0.144060 0.008303
1490 0.152950 0.008213
1500 0.150929 0.008388
1510 0.148887 0.008369
1520 0.148919 0.008352
1530 0.150416 0.008641
1540 0.154972 0.008620
1550 0.156127 0.009191
1560 0.160639 0.008874
1570 0.170856 0.008947
1580 0.170982 0.009092
1590 0.172017 0.009123
1600 0.177165 0.009442
1610 0.167908 0.009238
1620 0.180918 0.009328
1630 0.177130 0.009435
1640 0.179620 0.009315
1650 0.181342 0.009394
1660 0.178473 0.009529
1670 0.187256 0.009518
1680 0.183880 0.009494
1690 0.184030 0.009981
1700 0.183923 0.009924
1710 0.188643 0.010191
1720 0.193389 0.010576
1730 0.192287 0.010888
1740 0.203209 0.010418
1750 0.199518 0.010816
1760 0.199208 0.011007
1770 0.203285 0.010622
1780 0.212291 0.010535
1790 0.208537 0.010779
1800 0.215743 0.010725
1810 0.222565 0.010855
1820 0.221221 0.010853
1830 0.224032 0.010999
1840 0.222083 0.011220
1850 0.222959 0.011177
1860 0.221421 0.011340
1870 0.227409 0.011618
1880 0.230348 0.011582
1890 0.233590 0.011675
1900 0.241075 0.011948
1910 0.237424 0.011832
1920 0.235943 0.012070
1930 0.247760 0.011981
1940 0.242932 0.011987
1950 0.242745 0.012411
1960 0.244964 0.012524
1970 0.253572 0.012832
1980 0.253140 0.012945
1990 0.254706 0.012555
2000 0.260166 0.012769
2010 0.271659 0.012791
2020 0.265666 0.012548
2030 0.264077 0.012664
2040 0.267193 0.012701
2050 0.269480 0.012843
2060 0.272187 0.013392
2070 0.284698 0.017508
2080 0.290818 0.014234
2090 0.285300 0.013912
2100 0.287835 0.013975
2110 0.293517 0.014011
2120 0.292508 0.013662
2130 0.291384 0.013943
2140 0.306726 0.013821
2150 0.302715 0.013826
2160 0.306522 0.014200
2170 0.305572 0.014018
2180 0.308462 0.014051
2190 0.308095 0.014209
2200 0.314234 0.014310
2210 0.323005 0.014286
2220 0.322563 0.014142
2230 0.327692 0.014215
2240 0.327763 0.014691
2250 0.332616 0.014749
2260 0.336367 0.014762
2270 0.334565 0.014514
2280 0.334032 0.014506
2290 0.336464 0.014710
2300 0.335896 0.014733
2310 0.341547 0.014671
2320 0.345803 0.014701
2330 0.347531 0.015102
2340 0.348813 0.015016
2350 0.359393 0.015402
2360 0.360993 0.015409
2370 0.361597 0.015348
2380 0.371316 0.014950
2390 0.369938 0.015027
2400 0.380598 0.015149
2410 0.379327 0.015097
2420 0.383137 0.015087
2430 0.376724 0.015856
2440 0.381015 0.015992
2450 0.396189 0.015848
2460 0.393294 0.015444
2470 0.398888 0.015422
2480 0.391286 0.016171
2490 0.402144 0.016132
2500 0.396926 0.016128
2510 0.415412 0.016263
2520 0.404013 0.016401
2530 0.408335 0.016217
2540 0.412555 0.016195
2550 0.422374 0.016540
2560 0.427361 0.016647
2570 0.433578 0.016297
2580 0.434967 0.016410
2590 0.441790 0.017146
2600 0.445657 0.017362
2610 0.446666 0.016911
2620 0.447137 0.016747
2630 0.450371 0.016967
2640 0.451353 0.016695
2650 0.449930 0.016638
2660 0.450689 0.016872
2670 0.458451 0.016887
2680 0.459479 0.016865
2690 0.463029 0.016974
2700 0.466248 0.017250
2710 0.473210 0.017269
2720 0.474155 0.016992
2730 0.477531 0.017011
2740 0.486932 0.017275
2750 0.491539 0.017318
2760 0.491912 0.019455
2770 0.490323 0.017451
2780 0.496497 0.017729
2790 0.499379 0.017607
2800 0.498816 0.020169
2810 0.501591 0.018411
2820 0.507694 0.017837
2830 0.513679 0.017797
2840 0.520383 0.017859
2850 0.514782 0.018384
2860 0.527485 0.018625
2870 0.524847 0.017747
2880 0.538937 0.017808
2890 0.532703 0.018358
2900 0.545058 0.017866
2910 0.552667 0.018094
2920 0.567846 0.018315
2930 0.553229 0.018474
2940 0.550513 0.018478
2950 0.559992 0.018657
2960 0.568925 0.018541
2970 0.589346 0.019294
2980 0.634755 0.028654
2990 0.668331 0.028808
3000 0.804829 0.029383
3010 0.751930 0.024358
3020 0.819666 0.028270
3030 0.803651 0.024821
3040 0.707825 0.025546
3050 0.710404 0.022422
3060 0.742591 0.031941
3070 0.801899 0.020360
3080 0.814902 0.032582
3090 0.800620 0.023823
3100 0.861094 0.027587
3110 0.913745 0.031144
3120 0.816719 0.021811
3130 0.718627 0.022586
3140 0.732019 0.032882
3150 0.762643 0.023367
3160 0.746605 0.025082
3170 0.758934 0.024612
3180 0.761968 0.031886
3190 0.796860 0.031446
3200 0.820461 0.024242
3210 0.821596 0.028297
3220 0.894641 0.023888
3230 0.786822 0.023287
3240 0.783331 0.024315
3250 0.807531 0.022506
3260 0.807185 0.025013
3270 0.937120 0.035514
3280 0.872075 0.029344
3290 0.930736 0.033850
3300 0.795200 0.023532
3310 0.714561 0.021691
3320 0.725127 0.021989
3330 0.729940 0.021691
3340 0.715844 0.021553
3350 0.749137 0.023601
3360 0.837196 0.023298
3370 0.828604 0.023803
3380 0.740634 0.022915
3390 0.748488 0.022302
3400 0.758733 0.022658
3410 0.773951 0.023086
3420 0.765851 0.023381
3430 0.762718 0.023087
3440 0.765771 0.022795
3450 0.770448 0.023160
3460 0.778148 0.024518
3470 0.793025 0.024848
3480 0.819718 0.024379
3490 0.820670 0.030490
3500 0.852283 0.037836
3510 0.996745 0.041094
3520 0.934785 0.023781
3530 0.804456 0.023486
3540 0.807123 0.023492
3550 0.832597 0.024628
3560 0.820274 0.024357
3570 0.820156 0.023967
3580 0.812659 0.026906
3590 0.823268 0.024202
3600 0.830923 0.024383
3610 0.834408 0.023633
3620 0.844304 0.024304
3630 0.853420 0.024920
3640 0.851925 0.024811
3650 0.846831 0.024492
3660 0.853706 0.028943
3670 0.857065 0.024919
3680 0.862624 0.025149
3690 0.870988 0.025281
3700 0.870465 0.025046
3710 0.872559 0.025420
3720 0.881656 0.025148
3730 0.895152 0.025984
3740 0.895627 0.025233
3750 0.910645 0.025856
3760 0.936484 0.028863
3770 0.992958 0.026326
3780 0.986647 0.029566
3790 0.994119 0.028078
3800 0.986369 0.026956
3810 0.959617 0.026255
3820 0.937667 0.026315
3830 0.932629 0.026203
3840 0.940145 0.026398
3850 1.057362 0.028208
3860 1.044116 0.042878
3870 1.027359 0.036191
3880 1.046832 0.027208
3890 1.049674 0.026895
3900 0.970632 0.027332
3910 0.984487 0.027000
3920 0.982694 0.027379
3930 0.982484 0.027891
3940 0.991111 0.028152
3950 0.998095 0.027580
3960 0.996557 0.027331
3970 1.032448 0.027643
3980 1.033215 0.027275
3990 1.020782 0.028560
4000 1.016057 0.028362
4010 1.021724 0.028317
4020 1.026516 0.028600
4030 1.030721 0.028264
4040 1.031554 0.028443
4050 1.036199 0.028058
4060 1.043405 0.028171
4070 1.051500 0.028402
4080 1.067079 0.028998
4090 1.066796 0.029122
4100 1.074242 0.028925
4110 1.075337 0.029857
4120 1.077926 0.030251
4130 1.117701 0.031743
4140 1.208165 0.039276
4150 1.258944 0.030369
4160 1.137138 0.029492
4170 1.132270 0.030332
4180 1.126488 0.029911
4190 1.138442 0.030876
4200 1.187364 0.034765
4210 1.394429 0.032122
4220 1.375593 0.033617
4230 1.263298 0.037811
4240 1.241031 0.031233
4250 1.188254 0.030558
4260 1.199656 0.031393
4270 1.264344 0.035324
4280 1.239750 0.034341
4290 1.256969 0.033584
4300 1.277904 0.034047
4310 1.412393 0.031835
4320 1.325560 0.038589
4330 1.256824 0.033960
4340 1.401053 0.039793
4350 1.356416 0.031665
4360 1.222933 0.031759
4370 1.242497 0.031785
4380 1.226148 0.031863
4390 1.230264 0.035127
4400 1.244008 0.031963
4410 1.239849 0.031712
4420 1.240960 0.033135
4430 1.259680 0.032180
4440 1.255321 0.032377
4450 1.254639 0.031810
4460 1.272652 0.032039
4470 1.281547 0.033359
4480 1.291528 0.032200
4490 1.277312 0.032276
4500 1.282345 0.032811
4510 1.288723 0.032747
4520 1.312728 0.033121
4530 1.298136 0.032622
4540 1.310096 0.032542
4550 1.314309 0.033258
4560 1.334977 0.048933
4570 1.536490 0.042195
4580 1.436757 0.034770
4590 1.467159 0.040976
4600 1.517461 0.034663
4610 1.557005 0.035391
4620 1.419992 0.035298
4630 1.442588 0.037180
4640 1.439312 0.035371
4650 1.457712 0.034839
4660 1.439296 0.035260
4670 1.544159 0.034929
4680 1.552406 0.036744
4690 1.607398 0.038395
4700 1.688719 0.034503
4710 1.712752 0.039816
4720 1.487871 0.034641
4730 1.472659 0.035412
4740 1.479539 0.035092
4750 1.438946 0.033877
4760 1.533761 0.037718
4770 1.547390 0.037296
4780 1.528030 0.039354
4790 1.628086 0.035506
4800 1.503556 0.036846
4810 1.498940 0.036106
4820 1.669164 0.037538
4830 1.749439 0.047671
4840 1.510679 0.035710
4850 1.501789 0.036035
4860 1.605577 0.039357
4870 1.634524 0.037664
4880 1.707324 0.038889
4890 1.761096 0.060193
4900 1.927429 0.059648
4910 1.966310 0.049198
4920 1.622479 0.039561
4930 1.631215 0.037598
4940 1.661249 0.037476
4950 1.628013 0.038946
4960 1.624101 0.038131
4970 1.668968 0.038968
4980 1.655268 0.037565
4990 1.679449 0.037428
5000 1.662320 0.038729
