10 0.000040 0.000077
20 0.000067 0.000171
30 0.000128 0.000245
40 0.000182 0.000270
50 0.000227 0.000242
60 0.000234 0.000255
70 0.000383 0.001130
80 0.000511 0.000323
90 0.000623 0.000335
100 0.000855 0.000492
110 0.001029 0.000508
120 0.000912 0.000472
130 0.001383 0.000537
140 0.001627 0.000591
150 0.001545 0.000928
160 0.002023 0.000639
170 0.001883 0.000667
180 0.002045 0.001011
190 0.002669 0.000757
200 0.003049 0.000818
210 0.002981 0.000872
220 0.003162 0.000979
230 0.004067 0.001539
240 0.005038 0.001694
250 0.004214 0.001129
260 0.005524 0.001210
270 0.007255 0.002110
280 0.007237 0.002140
290 0.007762 0.002136
300 0.006923 0.001391
310 0.006540 0.001411
320 0.008062 0.002365
330 0.007233 0.002170
340 0.010058 0.001593
350 0.008521 0.002487
360 0.009077 0.001853
370 0.010163 0.002650
380 0.012184 0.002920
390 0.010157 0.001803
400 0.011692 0.002180
410 0.012273 0.002005
420 0.013177 0.001917
430 0.012123 0.002400
440 0.016377 0.002350
450 0.013867 0.002426
460 0.013453 0.002289
470 0.015347 0.002442
480 0.015552 0.002381
490 0.015981 0.003125
500 0.017526 0.003595
510 0.018721 0.002633
520 0.022247 0.002716
530 0.018330 0.004372
540 0.019747 0.003430
550 0.020108 0.002910
560 0.021048 0.003228
570 0.024188 0.004633
580 0.022059 0.003018
590 0.025500 0.003088
600 0.023638 0.003304
610 0.024776 0.003338
620 0.025404 0.003218
630 0.026338 0.003235
640 0.031026 0.003429
650 0.029742 0.003407
660 0.033210 0.003431
670 0.032746 0.003653
680 0.032586 0.003417
690 0.032086 0.003515
700 0.035787 0.003474
710 0.035441 0.003608
720 0.035444 0.003610
730 0.036355 0.003798
740 0.036885 0.003776
750 0.037361 0.003806
760 0.045352 0.003988
770 0.038589 0.003605
780 0.039654 0.003764
790 0.048285 0.003983
800 0.044985 0.004015
810 0.044776 0.006027
820 0.044509 0.004366
830 0.048812 0.006511
840 0.047241 0.004548
850 0.050085 0.004262
860 0.051389 0.004349
870 0.058084 0.007109
880 0.052480 0.004483
890 0.057896 0.007333
900 0.054050 0.004743
910 0.054805 0.004785
920 0.056247 0.005055
930 0.063345 0.005122
940 0.058516 0.005009
950 0.066566 0.005222
960 0.064176 0.005157
970 0.063438 0.005361
980 0.063893 0.005336
990 0.066106 0.005516
1000 0.066536 0.005594
1010 0.070959 0.005612
1020 0.069532 0.005683
1030 0.072101 0.005827
1040 0.071666 0.005922
1050 0.072101 0.005868
1060 0.072244 0.006227
1070 0.078370 0.006250
1080 0.077867 0.006399
1090 0.081026 0.006468
1100 0.082227 0.006639
1110 0.081774 0.006570
1120 0.080657 0.006600
1130 0.092762 0.006752
1140 0.083945 0.006671
1150 0.087982 0.006854
1160 0.088683 0.006864
1170 0.087688 0.006533
1180 0.094076 0.006988
1190 0.092265 0.007160
1200 0.095765 0.006855
1210 0.099258 0.007118
1220 0.100603 0.011194
1230 0.101137 0.007095
1240 0.105491 0.011379
1250 0.104519 0.011386
1260 0.105849 0.011315
1270 0.108486 0.011492
1280 0.109008 0.011666
1290 0.109054 0.007741
1300 0.108035 0.007422
1310 0.121252 0.011889
1320 0.116628 0.011695
1330 0.126056 0.007727
1340 0.115736 0.007797
1350 0.117748 0.007751
1360 0.129316 0.007846
1370 0.122088 0.007843
1380 0.128428 0.008580
1390 0.144738 0.010093
1400 0.140368 0.008050
1410 0.161263 0.008129
1420 0.143417 0.008076
1430 0.143873 0.011330
1440 0.160257 0.008898
1450 0.148301 0.008342
1460 0.159064 0.008387
1470 0.176284 0.008239
1480 0.141551 0.008265
1490 0.151396 0.008278
1500 0.153324 0.008332
1510 0.155626 0.008352
1520 0.155164 0.008498
1530 0.159104 0.008477
1540 0.155009 0.008637
1550 0.156653 0.008525
1560 0.163232 0.008725
1570 0.165779 0.008903
1580 0.164957 0.009017
1590 0.173166 0.009705
1600 0.172953 0.009428
1610 0.177391 0.009290
1620 0.182335 0.009698
1630 0.173910 0.009480
1640 0.177468 0.009664
1650 0.185333 0.009556
1660 0.184843 0.012562
1670 0.182140 0.009778
1680 0.188179 0.010899
1690 0.187253 0.010089
1700 0.191613 0.010266
1710 0.193766 0.010111
1720 0.191582 0.010397
1730 0.200912 0.010590
1740 0.196499 0.010089
1750 0.206102 0.010267
1760 0.204854 0.010352
1770 0.212719 0.010425
1780 0.213633 0.010720
1790 0.213969 0.010819
1800 0.220474 0.010955
1810 0.212897 0.016479
1820 0.211516 0.010960
1830 0.216581 0.011081
1840 0.223671 0.011099
1850 0.222433 0.011258
1860 0.221508 0.011331
1870 0.227112 0.011425
1880 0.225826 0.011569
1890 0.239060 0.011839
1900 0.237246 0.011920
1910 0.240369 0.011683
1920 0.238651 0.011823
1930 0.241427 0.012039
1940 0.243475 0.012262
1950 0.246214 0.012405
1960 0.246441 0.012485
1970 0.258943 0.012507
1980 0.252234 0.012593
1990 0.266030 0.012561
2000 0.262564 0.013793
